theta[1]     -0.17    0.02    0.9   -1.9  -0.78  -0.19   0.42   1.62   2183    1.0
theta[2]       1.4    0.61   1.15  -1.42    0.9   1.66   2.18   3.08      4   1.55
theta[3]     -0.74    0.19    0.8  -2.32  -1.24  -0.75  -0.26   0.97     18   1.08
theta[4]     -0.27    0.42   1.22  -2.47  -1.18  -0.33    0.6   2.16      9   1.22
theta[5]     -0.57    0.21   0.89  -2.33  -1.14  -0.55  -0.06   1.27     18   1.08
theta[6]      0.21     0.2   0.73  -1.55  -0.16   0.29   0.66   1.44     13   1.09
theta[7]     -0.58    0.08   0.76   -2.2  -1.03  -0.53   -0.1   0.93     80   1.04
theta[8]      0.16    0.22   0.65  -1.36  -0.19    0.2   0.59    1.3      9   1.14
lambda0[1]    1.21    0.04   0.73   0.04   0.59   1.16   1.86   2.44    357   1.01
lambda0[2]    1.23    0.02   0.72   0.05   0.64   1.21   1.84   2.43   1528    1.0
lambda0[3]    1.26    0.05   0.71   0.06   0.65   1.31   1.87   2.41    242   1.02
lambda0[4]    1.24    0.04   0.72   0.06   0.63   1.19   1.85   2.45    363   1.01
lambda0[5]    1.41    0.01   0.69   0.12   0.88   1.47    2.0   2.45   2162    1.0
lambda0[6]    1.45    0.07   0.69   0.15   0.85   1.52   2.07   2.45    112   1.04
lambda0[7]    1.27    0.02    0.7   0.07   0.68   1.28   1.86   2.43   1853    1.0
lambda0[8]    1.22    0.02    0.7   0.08   0.62   1.25   1.78   2.42   1174    1.0
lambda0[9]    1.31    0.02   0.73   0.06   0.69   1.34   1.95   2.46    996    1.0
lambda0[10]    1.3    0.08   0.75   0.06   0.64   1.29   1.98   2.47     90   1.04
lambda0[11]   1.22    0.06   0.73   0.05   0.59   1.16   1.89   2.44    158   1.02
lambda0[12]   1.31    0.07   0.74   0.07   0.69   1.31   1.99   2.44    126   1.03
lambda0[13]   1.26    0.06   0.59   0.15   0.83   1.27    1.7   2.36     98   1.03
lambda0[14]   1.11    0.08   0.68   0.09   0.51   1.02   1.66   2.41     77   1.04
lambda0[15]   1.25    0.02    0.7   0.07   0.67   1.27   1.82   2.43   1924    1.0
lambda0[16]   1.19    0.02   0.71   0.06   0.59   1.11   1.82   2.41   1102    1.0
lambda0[17]   1.28    0.02    0.7   0.07   0.67   1.31   1.86   2.44    946   1.01
lambda0[18]    1.3    0.05   0.72   0.07   0.67   1.32   1.93   2.45    177   1.02
lambda0[19]   1.18    0.07   0.75   0.03   0.51   1.19   1.84   2.42    112   1.03
lambda0[20]   1.23    0.02   0.69   0.08   0.66   1.22   1.79   2.44   1866    1.0
lambda0[21]   1.27    0.05   0.74   0.06   0.61   1.28   1.95   2.44    247   1.02
lambda0[22]   1.22    0.05   0.74   0.06   0.54   1.21   1.88   2.44    217   1.02
lambda1[1]    0.04    0.02   0.98  -1.93  -0.63   0.11   0.69   1.92   3610   1.01
lambda1[2]   -0.02    0.02   0.99  -1.98  -0.66  -0.02   0.62   1.94   2948    1.0
lambda1[3]   -0.06    0.04   0.99  -2.02  -0.71  -0.09    0.6   1.94    671   1.01
lambda1[4]    0.05    0.11   1.06  -1.97   -0.7   0.01   0.79   1.96     97   1.04
lambda1[5]   -0.64    0.03   0.87  -2.26  -1.17  -0.67  -0.21   1.44   1210   1.01
lambda1[6]   -0.77    0.08   0.84  -2.34  -1.29  -0.81   -0.3   0.92    102   1.04
lambda1[7] -8.6e-3    0.02   0.95  -1.89  -0.64   0.02   0.63   1.85   2967    1.0
lambda1[8]   -0.07    0.08   1.02  -1.96  -0.82  -0.06   0.64   1.89    151   1.02
lambda1[9]   -0.34    0.11   0.99  -2.13  -0.98   -0.4   0.16    2.0     84   1.04
lambda1[10]   0.13    0.03   0.98  -1.86   -0.5   0.18   0.79   2.01    875   1.01
lambda1[11]  -0.04    0.19   0.87  -1.88  -0.53  -0.05   0.47   1.73     22   1.08
lambda1[12]  -0.32     0.1   0.81  -1.92  -0.81  -0.31   0.12   1.47     69   1.04
lambda1[13]  -1.08    0.23    0.7   -2.4  -1.48  -1.09  -0.75   0.73      9   1.15
lambda1[14]  -0.39    0.58   1.19   -2.5  -1.32  -0.34   0.47   1.91      4   1.39
lambda1[15]   0.07    0.05   1.03   -2.0  -0.61   0.09   0.82   1.99    385   1.02
lambda1[16]-2.2e-3    0.07   1.02  -1.93  -0.74 6.6e-3   0.74   1.98    236   1.02
lambda1[17]  -0.05    0.09   1.01  -1.99  -0.77  -0.05   0.64   1.91    126   1.03
lambda1[18]  -0.11    0.11   1.05  -2.01  -0.88  -0.09   0.62   1.91     92   1.04
lambda1[19]   0.02    0.02   0.96  -1.89   -0.6 6.3e-3   0.62   2.04   2841    1.0
lambda1[20]-9.0e-3    0.03   0.96  -1.92  -0.65  -0.03   0.64   1.89   1307   1.01
lambda1[21]  -0.09    0.06    1.0   -1.9  -0.79  -0.13   0.59   1.91    282   1.02
lambda1[22]  -0.04    0.05    1.0  -1.93  -0.72  -0.06   0.59   2.01    337   1.01
learn[1]      0.51  5.8e-3   0.28   0.03   0.27    0.5   0.75   0.98   2298    1.0
learn[2]       0.5  7.2e-3   0.28   0.02   0.27    0.5   0.74   0.98   1526    1.0
learn[3]      0.48  6.4e-3   0.28   0.02   0.26   0.48   0.71   0.97   1869    1.0
learn[4]      0.57    0.02   0.26   0.11   0.34   0.57   0.81   0.98    222   1.02
learn[5]      0.62  9.1e-3   0.25   0.12   0.43   0.65   0.83   0.98    730   1.01
learn[6]      0.63    0.02   0.24   0.13   0.44   0.65   0.84   0.99    225   1.03
learn[7]      0.51    0.02   0.29   0.03   0.26   0.53   0.77   0.96    165   1.03
learn[8]       0.5    0.02   0.29   0.03   0.25   0.49   0.76   0.97    222   1.02
learn[9]      0.61    0.02   0.27   0.11   0.39   0.63   0.86    1.0    133   1.03
learn[10]     0.53  6.0e-3   0.27   0.05   0.31   0.55   0.75   0.97   1991    1.0
learn[11]      0.7    0.01   0.21   0.21   0.56   0.74   0.87   0.98    406   1.02
learn[12]     0.69  4.8e-3   0.21   0.21   0.56   0.72   0.86   0.99   1904    1.0
learn[13]     0.13    0.16   0.28 1.4e-6 2.2e-4 5.4e-4 1.3e-3   0.92      3   1.91
learn[14]     0.43    0.18   0.34 1.2e-6   0.01   0.41   0.75   0.97      4   1.55
learn[15]     0.49  7.3e-3   0.28   0.03   0.26   0.47   0.72   0.97   1453   1.01
learn[16]     0.51  5.5e-3   0.27   0.03   0.28   0.51   0.74   0.97   2544    1.0
learn[17]     0.48    0.01   0.29   0.03   0.23   0.47   0.72   0.97    542   1.01
learn[18]     0.51  6.2e-3   0.28   0.03   0.27   0.53   0.75   0.97   2040    1.0
learn[19]     0.47    0.03    0.3   0.02   0.22   0.46   0.73   0.97    106   1.03
learn[20]     0.51  5.4e-3   0.29   0.02   0.26   0.51   0.76   0.98   2827    1.0
learn[21]      0.5    0.01   0.29   0.03   0.25   0.49   0.75   0.98    392   1.01
learn[22]     0.52    0.02   0.29   0.03   0.26   0.53   0.79   0.97    181   1.02
g[1]          0.25  3.8e-3   0.14   0.02   0.13   0.25   0.37   0.48   1294    1.0
g[2]          0.23    0.01   0.15 7.9e-3    0.1   0.23   0.37   0.48    160   1.02
g[3]          0.25  3.6e-3   0.14   0.02   0.13   0.25   0.37   0.49   1532    1.0
g[4]          0.26  2.7e-3   0.14   0.01   0.14   0.25   0.38   0.49   2784    1.0
g[5]          0.28  6.6e-3   0.14   0.01   0.17    0.3    0.4   0.49    471   1.01
g[6]          0.28  5.2e-3   0.14   0.02   0.17   0.29   0.41   0.49    753   1.01
g[7]          0.26    0.01   0.15   0.01   0.14   0.26   0.39   0.49    187   1.02
g[8]          0.24  6.0e-3   0.14   0.01   0.11   0.23   0.36   0.49    576   1.01
g[9]          0.27  3.4e-3   0.14   0.01   0.16   0.28    0.4   0.49   1756    1.0
g[10]         0.25    0.01   0.15   0.01   0.12   0.24   0.39   0.49    118   1.04
g[11]         0.27    0.02   0.15   0.01   0.15   0.28    0.4   0.49     85   1.04
g[12]         0.31    0.01   0.14   0.02   0.19   0.33   0.43    0.5     98   1.04
g[13]          0.2    0.02   0.13   0.01   0.09   0.18    0.3   0.47     57   1.04
g[14]         0.25  6.2e-3   0.14   0.01   0.13   0.24   0.37   0.48    518   1.01
g[15]         0.24    0.01   0.15   0.01   0.11   0.23   0.37   0.49    148   1.02
g[16]         0.26  3.7e-3   0.14   0.01   0.14   0.27   0.37   0.48   1384    1.0
g[17]         0.24  4.5e-3   0.15   0.01   0.12   0.25   0.37   0.49   1039    1.0
g[18]         0.26  5.6e-3   0.14   0.01   0.13   0.27   0.38   0.48    655   1.01
g[19]         0.24    0.02   0.15 8.7e-3    0.1   0.23   0.37   0.49     78   1.04
g[20]         0.25  3.0e-3   0.15   0.02   0.12   0.25   0.38   0.48   2341    1.0
g[21]         0.24    0.01   0.15 8.5e-3    0.1   0.24   0.37   0.49    192   1.02
g[22]         0.24    0.02   0.15 8.4e-3   0.11   0.24   0.37   0.48     97   1.04
ss[1]         0.67  2.1e-4 9.8e-3   0.65   0.66   0.67   0.67   0.69   2184   1.01
ss[2]         0.75  2.4e-4   0.01   0.73   0.74   0.75   0.76   0.77   2232    1.0
ss[3]         0.74  4.2e-3   0.14   0.52   0.62   0.73   0.86   0.99   1127   1.01
ss[4]         0.73  6.3e-4   0.03   0.67   0.71   0.73   0.75   0.78   1793    1.0
ss[5]         0.89  2.6e-4 4.8e-3   0.88   0.89   0.89   0.89    0.9    330   1.02
ss[6]         0.87  9.7e-5 2.6e-3   0.87   0.87   0.87   0.88   0.88    742   1.01
ss[7]         0.85  5.1e-4 6.3e-3   0.84   0.85   0.85   0.86   0.86    151   1.02
ss[8]         0.72    0.01   0.09   0.53   0.67   0.73   0.78   0.87     51   1.07
ss[9]         0.88  6.5e-5 3.2e-3   0.87   0.88   0.88   0.88   0.89   2416    1.0
ss[10]        0.62  8.9e-4   0.03   0.55    0.6   0.62   0.64   0.68   1222    1.0
ss[11]         1.0  9.4e-6 4.3e-4   0.99    1.0    1.0    1.0    1.0   2130    1.0
ss[12]        0.96  1.3e-4 1.1e-3   0.96   0.96   0.96   0.96   0.96     75   1.05
ss[13]        0.94    0.01   0.03    0.9   0.92   0.93   0.94    1.0      5   1.56
ss[14]        0.86    0.05   0.07   0.79   0.81   0.83    0.9    1.0      2   5.37
ss[15]        0.62  5.1e-4   0.02   0.59   0.61   0.62   0.63   0.65    958   1.01
ss[16]        0.99  1.1e-4 6.1e-3   0.98   0.99    1.0    1.0    1.0   3050    1.0
ss[17]         0.6  1.3e-3   0.02   0.55   0.58    0.6   0.61   0.64    320   1.01
ss[18]        0.75  4.4e-3   0.14   0.51   0.63   0.76   0.87   0.98   1042   1.01
ss[19]        0.74  8.6e-3   0.15   0.51   0.61   0.74   0.87   0.99    295   1.01
ss[20]        0.73    0.01   0.15   0.52    0.6   0.73   0.86   0.99    107   1.04
ss[21]        0.74  5.7e-3   0.14   0.51   0.62   0.73   0.87   0.99    645   1.01
ss[22]        0.75  2.5e-3   0.14   0.51   0.63   0.73   0.86   0.99   3164    1.0
lp__        -2.2e4    5.98  12.06 -2.2e4 -2.2e4 -2.2e4 -2.2e4 -2.2e4      4   1.42